[gd_scene load_steps=2 format=2]

[ext_resource path="res://Art/3DModels/Player/Idle.dae" type="PackedScene" id=1]

[node name="Idle" instance=ExtResource( 1 )]

[node name="DiceGuy1" parent="." index="0"]
transform = Transform( 10, 0, 0, 0, 10, 0, 0, 0, 10, 0, 0, 0 )

[node name="Lt_Arm_00_Pad" parent="DiceGuy1/DiceGuy_Joint" index="2"]
transform = Transform( 0.999943, -0.00741409, -0.00761956, 0.00742478, 0.999971, 0.00137481, 0.00760915, -0.00143131, 0.99997, 0.00496672, 0.00891245, 0.000600276 )

[node name="Rt_Arm_00_Pad" parent="DiceGuy1/DiceGuy_Joint" index="4"]
transform = Transform( 0.999943, -0.00741409, -0.00761956, 0.00742478, 0.999971, 0.00137481, 0.00760915, -0.00143131, 0.99997, -0.00503267, 0.00883821, 0.000524158 )

[node name="Ct_Bag_00_Pad" parent="DiceGuy1/DiceGuy_Joint" index="6"]
transform = Transform( 0.999943, -0.00741409, -0.00761956, 0.00742478, 0.999971, 0.00137481, 0.00760915, -0.00143131, 0.99997, 4.72743e-05, 0.00350671, -0.00474574 )

[node name="Ct_BagFlap_00_Pad" parent="DiceGuy1/DiceGuy_Joint" index="7"]
transform = Transform( 0.999943, -0.00741409, -0.00761956, 0.00742478, 0.999971, 0.00137481, 0.00760915, -0.00143131, 0.99997, 1.72225e-05, 0.00268866, 3.3217e-06 )

[node name="Ct_BagRoll_00_Pad" parent="DiceGuy1/DiceGuy_Joint" index="8"]
transform = Transform( 0.999943, -0.00741409, -0.00761956, 0.00742478, 0.999971, 0.00137481, 0.00760915, -0.00143131, 0.99997, 3.00539e-06, 0.0110362, -0.00627721 )

[node name="Ct_Back_Control" parent="DiceGuy1/DiceGuy_Control/Ct_Main_Control" index="2"]
transform = Transform( 0.999943, -0.00741409, -0.00761956, 0.00742478, 0.999971, 0.00137481, 0.00760915, -0.00143131, 0.99997, 1.72225e-05, 0.000480562, 3.3217e-06 )

[node name="Rt_Arm_Control" parent="DiceGuy1/DiceGuy_Control/Ct_Main_Control/Ct_Back_Control" index="0"]
transform = Transform( 0.99554, 0.0943208, -0.00168246, -0.0943358, 0.995383, -0.0177032, 4.9065e-06, 0.017783, 0.999842, -0.000606734, -0.000343945, -0.000107961 )

[node name="Lt_Arm_Control" parent="DiceGuy1/DiceGuy_Control/Ct_Main_Control/Ct_Back_Control" index="1"]
transform = Transform( 0.995546, -0.094263, 0.00168145, 0.094278, 0.995388, -0.0177033, -4.92448e-06, 0.017783, 0.999842, 0.000598751, -0.000343691, -0.000103882 )

[node name="Ct_BagFlap_Control" parent="DiceGuy1/DiceGuy_Control/Ct_Main_Control/Ct_Back_Control/Ct_Bag_Control" index="0"]
transform = Transform( 1, 0, 0, 0, 0.999726, -0.0234391, 0, 0.0234391, 0.999726, 0, -0.000182439, -0.000205608 )

[node name="Ct_BagRoll_Control" parent="DiceGuy1/DiceGuy_Control/Ct_Main_Control/Ct_Back_Control/Ct_Bag_Control" index="1"]
transform = Transform( 1, 0, 0, 0, 0.999862, -0.0165994, 0, 0.0165994, 0.999862, 0, 4.45806e-05, -0.00017664 )

[node name="AnimationPlayer" parent="." index="1"]
autoplay = "default"
