[gd_scene load_steps=2 format=2]

[ext_resource path="res://Art/3DModels/Player/Walk.dae" type="PackedScene" id=1]

[node name="Walk" instance=ExtResource( 1 )]

[node name="DiceGuy1" parent="." index="0"]
transform = Transform( 10, 0, 0, 0, 10, 0, 0, 0, 10, 0, 0, 0 )

[node name="Lt_Arm_00_Pad" parent="DiceGuy1/DiceGuy_Joint" index="2"]
transform = Transform( 0.998411, -0.0249464, 0.050531, 0.0228848, 0.998898, 0.0409746, -0.0514975, -0.0397531, 0.997881, 0.00508184, 0.00842917, 0.000120269 )

[node name="Rt_Arm_00_Pad" parent="DiceGuy1/DiceGuy_Joint" index="4"]
transform = Transform( 0.998411, -0.0249464, 0.050531, 0.0228848, 0.998898, 0.0409746, -0.0514975, -0.0397531, 0.997881, -0.00490211, 0.00820065, 0.000635382 )

[node name="Ct_Bag_00_Pad" parent="DiceGuy1/DiceGuy_Joint" index="6"]
transform = Transform( 0.998411, -0.0249464, 0.050531, 0.0228848, 0.998898, 0.0409746, -0.0514975, -0.0397531, 0.997881, -4.47212e-05, 0.00274198, -0.00471313 )

[node name="Ct_BagFlap_00_Pad" parent="DiceGuy1/DiceGuy_Joint" index="7"]
transform = Transform( 0.998411, -0.0249464, 0.050531, 0.0228848, 0.998898, 0.0409746, -0.0514975, -0.0397531, 0.997881, 0.000215697, 0.0021129, 5.71577e-05 )

[node name="Ct_BagRoll_00_Pad" parent="DiceGuy1/DiceGuy_Joint" index="8"]
transform = Transform( 0.998411, -0.0249464, 0.050531, 0.0228848, 0.998898, 0.0409746, -0.0514975, -0.0397531, 0.997881, -0.000309651, 0.0102025, -0.00652982 )

[node name="Rt_Leg_Control" parent="DiceGuy1/DiceGuy_Control/Ct_Main_Control" index="0"]
transform = Transform( 0.999431, 0.0201897, -0.0269972, -0.0221772, 0.996902, -0.0754689, 0.0253898, 0.0760248, 0.996783, -2.5974e-05, 0.000595084, 0.000381266 )

[node name="Lt_Leg_Control" parent="DiceGuy1/DiceGuy_Control/Ct_Main_Control" index="1"]
transform = Transform( 0.999991, -0.00233342, 0.00343227, 0.00231194, 0.999978, 0.00624864, -0.00344678, -0.00624065, 0.999975, 2.95016e-06, 8.87815e-05, 0.000239068 )

[node name="Ct_Back_Control" parent="DiceGuy1/DiceGuy_Control/Ct_Main_Control" index="2"]
transform = Transform( 0.998411, -0.0249464, 0.050531, 0.0228848, 0.998898, 0.0409746, -0.0514975, -0.0397531, 0.997881, 0.000215697, -9.5192e-05, 5.71577e-05 )

[node name="Rt_Arm_Control" parent="DiceGuy1/DiceGuy_Control/Ct_Main_Control/Ct_Back_Control" index="0"]
transform = Transform( 0.999326, 0.032791, -0.0165184, -0.0340455, 0.996012, -0.0824767, 0.013748, 0.0829834, 0.996456, -0.000197435, -0.000301457, -0.000443008 )

[node name="Lt_Arm_Control" parent="DiceGuy1/DiceGuy_Control/Ct_Main_Control/Ct_Back_Control" index="1"]
transform = Transform( 0.994002, -0.103753, 0.0345834, 0.10097, 0.99211, 0.0743159, -0.0420211, -0.0703783, 0.996635, 0.000659458, -0.000692148, 0.00064422 )

[node name="Ct_BagFlap_Control" parent="DiceGuy1/DiceGuy_Control/Ct_Main_Control/Ct_Back_Control/Ct_Bag_Control" index="0"]
transform = Transform( 1, 0, 0, 0, 0.985686, -0.168594, 0, 0.168594, 0.985686, 0, -0.00122011, -0.00156447 )

[node name="Ct_BagRoll_Control" parent="DiceGuy1/DiceGuy_Control/Ct_Main_Control/Ct_Back_Control/Ct_Bag_Control" index="1"]
transform = Transform( 1, 0, 0, 0, 1, 0, 0, 0, 1, 0, 0.000382611, 0 )

[node name="AnimationPlayer" parent="." index="1"]
autoplay = "default"
