[gd_scene load_steps=2 format=2]

[ext_resource path="res://Art/3DModels/Player/Walk.dae" type="PackedScene" id=1]

[node name="Walk" instance=ExtResource( 1 )]

[node name="DiceGuy1" parent="." index="0"]
transform = Transform( 10, 0, 0, 0, 10, 0, 0, 0, 10, 0, 0, 0 )

[node name="Lt_Arm_00_Pad" parent="DiceGuy1/DiceGuy_Joint" index="2"]
transform = Transform( 0.998254, -0.026481, 0.0527955, 0.0239803, 0.998586, 0.0474483, -0.0539773, -0.0460995, 0.997477, 0.00508409, 0.00840635, 5.68986e-05 )

[node name="Rt_Arm_00_Pad" parent="DiceGuy1/DiceGuy_Joint" index="4"]
transform = Transform( 0.998254, -0.026481, 0.0527955, 0.0239803, 0.998586, 0.0474483, -0.0539773, -0.0460995, 0.997477, -0.00489833, 0.0081668, 0.00059678 )

[node name="Ct_Bag_00_Pad" parent="DiceGuy1/DiceGuy_Joint" index="6"]
transform = Transform( 0.998254, -0.026481, 0.0527955, 0.0239803, 0.998586, 0.0474483, -0.0539773, -0.0460995, 0.997477, -4.55767e-05, 0.0026808, -0.00472804 )

[node name="Ct_BagFlap_00_Pad" parent="DiceGuy1/DiceGuy_Joint" index="7"]
transform = Transform( 0.998254, -0.026481, 0.0527955, 0.0239803, 0.998586, 0.0474483, -0.0539773, -0.0460995, 0.997477, 0.000226876, 0.00208271, 4.56612e-05 )

[node name="Ct_BagRoll_00_Pad" parent="DiceGuy1/DiceGuy_Joint" index="8"]
transform = Transform( 0.998254, -0.026481, 0.0527955, 0.0239803, 0.998586, 0.0474483, -0.0539773, -0.0460995, 0.997477, -0.000325467, 0.0101293, -0.00659197 )

[node name="Rt_Leg_Control" parent="DiceGuy1/DiceGuy_Control/Ct_Main_Control" index="0"]
transform = Transform( 0.999644, 0.0163192, -0.0211017, -0.0175537, 0.998062, -0.0597026, 0.0200865, 0.0600518, 0.997993, -2.07398e-05, 0.000520577, 0.000216298 )

[node name="Lt_Leg_Control" parent="DiceGuy1/DiceGuy_Control/Ct_Main_Control" index="1"]
transform = Transform( 0.999981, -0.00343715, 0.00508368, 0.00339081, 0.999953, 0.00909713, -0.0051147, -0.00907972, 0.999946, 4.33946e-06, 0.000134173, 0.000345878 )

[node name="Ct_Back_Control" parent="DiceGuy1/DiceGuy_Control/Ct_Main_Control" index="2"]
transform = Transform( 0.998254, -0.026481, 0.0527955, 0.0239803, 0.998586, 0.0474483, -0.0539773, -0.0460995, 0.997477, 0.000226876, -0.000125384, 4.56612e-05 )

[node name="Rt_Arm_Control" parent="DiceGuy1/DiceGuy_Control/Ct_Main_Control/Ct_Back_Control" index="0"]
transform = Transform( 0.998986, 0.0401894, -0.0203155, -0.0417605, 0.995593, -0.0839672, 0.0168514, 0.0847304, 0.996262, -0.000242619, -0.000341667, -0.000438102 )

[node name="Lt_Arm_Control" parent="DiceGuy1/DiceGuy_Control/Ct_Main_Control/Ct_Back_Control" index="1"]
transform = Transform( 0.990569, -0.130057, 0.0430931, 0.126454, 0.988914, 0.0778327, -0.052738, -0.0716494, 0.996035, 0.000832884, -0.000808694, 0.000706658 )

[node name="Ct_BagFlap_Control" parent="DiceGuy1/DiceGuy_Control/Ct_Main_Control/Ct_Back_Control/Ct_Bag_Control" index="0"]
transform = Transform( 1, 0, 0, 0, 0.986321, -0.164835, 0, 0.164835, 0.986321, 0, -0.00119568, -0.00152703 )

[node name="Ct_BagRoll_Control" parent="DiceGuy1/DiceGuy_Control/Ct_Main_Control/Ct_Back_Control/Ct_Bag_Control" index="1"]
transform = Transform( 1, 0, 0, 0, 1, 0, 0, 0, 1, 0, 0.000373763, 0 )

[node name="AnimationPlayer" parent="." index="1"]
autoplay = "default"
