[gd_scene load_steps=2 format=2]

[ext_resource path="res://Art/3DModels/Player/Idle.dae" type="PackedScene" id=1]

[node name="Idle" instance=ExtResource( 1 )]

[node name="DiceGuy1" parent="." index="0"]
transform = Transform( 10, 0, 0, 0, 10, 0, 0, 0, 10, 0, 0, 0 )

[node name="Lt_Arm_00_Pad" parent="DiceGuy1/DiceGuy_Joint" index="2"]
transform = Transform( 0.999917, 0.0118546, -0.00513726, -0.0117809, 0.99983, 0.0141405, 0.00530402, -0.0140788, 0.999887, 0.00504247, 0.00874479, 0.000539827 )

[node name="Rt_Arm_00_Pad" parent="DiceGuy1/DiceGuy_Joint" index="4"]
transform = Transform( 0.999917, 0.0118546, -0.00513726, -0.0117809, 0.99983, 0.0141405, 0.00530402, -0.0140788, 0.999887, -0.0049567, 0.00886259, 0.000486785 )

[node name="Ct_Bag_00_Pad" parent="DiceGuy1/DiceGuy_Joint" index="6"]
transform = Transform( 0.999917, 0.0118546, -0.00513726, -0.0117809, 0.99983, 0.0141405, 0.00530402, -0.0140788, 0.999887, 6.63426e-06, 0.00336794, -0.00472641 )

[node name="Ct_BagFlap_00_Pad" parent="DiceGuy1/DiceGuy_Joint" index="7"]
transform = Transform( 0.999917, 0.0118546, -0.00513726, -0.0117809, 0.99983, 0.0141405, 0.00530402, -0.0140788, 0.999887, -2.75326e-05, 0.00261061, 3.26989e-05 )

[node name="Ct_BagRoll_00_Pad" parent="DiceGuy1/DiceGuy_Joint" index="8"]
transform = Transform( 0.999917, 0.0118546, -0.00513726, -0.0117809, 0.99983, 0.0141405, 0.00530402, -0.0140788, 0.999887, 0.000103729, 0.010877, -0.00635301 )

[node name="Ct_Back_Control" parent="DiceGuy1/DiceGuy_Control/Ct_Main_Control" index="2"]
transform = Transform( 0.999917, 0.0118546, -0.00513726, -0.0117809, 0.99983, 0.0141405, 0.00530402, -0.0140788, 0.999887, -2.75326e-05, 0.000402513, 3.26989e-05 )

[node name="Rt_Arm_Control" parent="DiceGuy1/DiceGuy_Control/Ct_Main_Control/Ct_Back_Control" index="0"]
transform = Transform( 0.993169, 0.116648, -0.00293091, -0.116685, 0.992856, -0.0249354, 1.31188e-06, 0.0251071, 0.999685, -0.000762236, -0.000306841, -0.00014659 )

[node name="Lt_Arm_Control" parent="DiceGuy1/DiceGuy_Control/Ct_Main_Control/Ct_Back_Control" index="1"]
transform = Transform( 0.993167, -0.116671, 0.00293151, 0.116708, 0.992853, -0.0249353, -1.31642e-06, 0.0251071, 0.999685, 0.000746039, -0.000306937, -0.000146497 )

[node name="Ct_BagFlap_Control" parent="DiceGuy1/DiceGuy_Control/Ct_Main_Control/Ct_Back_Control/Ct_Bag_Control" index="0"]
transform = Transform( 1, 0, 0, 0, 0.999357, -0.0358571, 0, 0.0358571, 0.999357, 0, -0.00028021, -0.000313564 )

[node name="Ct_BagRoll_Control" parent="DiceGuy1/DiceGuy_Control/Ct_Main_Control/Ct_Back_Control/Ct_Bag_Control" index="1"]
transform = Transform( 1, 0, 0, 0, 0.999685, -0.0251071, 0, 0.0251071, 0.999685, 0, 2.94072e-05, -0.000266841 )

[node name="AnimationPlayer" parent="." index="1"]
autoplay = "default"
