[gd_scene load_steps=3 format=2]

[ext_resource path="res://Art/3DModels/Player/DiceBody.glb" type="PackedScene" id=1]
[ext_resource path="res://Objects/DiceAnim.tscn" type="PackedScene" id=2]

[node name="DiceBody" instance=ExtResource( 1 )]

[node name="DiceGuy1" parent="." index="0"]
transform = Transform( 1, 0, 0, 0, -4.37114e-08, -1, 0, 1, -4.37114e-08, 0, 0, 0 )

[node name="Ct_Back_00_Pad" parent="DiceGuy1/DiceGuy_Joint" index="0"]
transform = Transform( 1, 0, 0, 0, 1, 0, 0, 0, 1, 0, 0.00453073, 0 )

[node name="Ct_Bag_00_Pad" parent="DiceGuy1/DiceGuy_Joint" index="1"]
transform = Transform( 1, 0, 0, 0, 1, 0, 0, 0, 1, 0, 0, 0 )

[node name="Ct_BagFlap_00_Pad" parent="DiceGuy1/DiceGuy_Joint" index="2"]
transform = Transform( 0.999967, 0.00441721, -0.00680536, -0.00435311, 0.999946, 0.00940572, 0.00684654, -0.00937579, 0.999933, 6.29883e-05, 0.00218052, -5.85227e-05 )

[node name="Ct_BagRoll_00_Pad" parent="DiceGuy1/DiceGuy_Joint" index="3"]
transform = Transform( 0.999967, 0.00441721, -0.00680536, -0.00435311, 0.999946, 0.00940572, 0.00684654, -0.00937579, 0.999933, 6.93138e-05, 0.0105267, -0.00632492 )

[node name="Ct_Hip_00_Pad" parent="DiceGuy1/DiceGuy_Joint" index="4"]
transform = Transform( 1, 0, 0, 0, 1, 0, 0, 0, 1, 0, 0, 0 )

[node name="Lt_Arm_00_Pad" parent="DiceGuy1/DiceGuy_Joint" index="5"]
transform = Transform( 0.999693, -0.0235204, 0.00782414, 0.0235165, 0.999723, 0.000599994, -0.00783608, -0.000415814, 0.999969, -9.24435e-05, 9.52743e-06, -6.50645e-07 )

[node name="Lt_Leg_00_Pad" parent="DiceGuy1/DiceGuy_Joint" index="6"]
transform = Transform( 1, 0, 0, 0, 1, 0, 0, 0, 1, 0, 0, 0 )

[node name="Rt_Arm_00_Pad" parent="DiceGuy1/DiceGuy_Joint" index="7"]
transform = Transform( 0.999695, -0.0234357, 0.00782419, 0.0234318, 0.999725, 0.000597833, -0.00783605, -0.000414316, 0.999969, 9.2594e-05, -7.92928e-06, 6.53323e-07 )

[node name="Rt_Leg_00_Pad" parent="DiceGuy1/DiceGuy_Joint" index="8"]
transform = Transform( 1, 0, 0, 0, 1, 0, 0, 0, 1, -0.0024142, 0.00342424, 0 )

[node name="DiceAnim" parent="." index="2" instance=ExtResource( 2 )]
transform = Transform( 10, 0, 0, 0, 10, 0, 0, 0, 10, 1.83583, -0.00765246, 0 )

[node name="Ct_Back_00_Pad" parent="DiceAnim/RootNode/DiceGuy1/DiceGuy_Joint" index="1"]
transform = Transform( 1, 0, 0, 0, 1, 0, 0, 0, 1, 0, 0.00453073, 0 )

[node name="Lt_Arm_00_Pad" parent="DiceAnim/RootNode/DiceGuy1/DiceGuy_Joint" index="2"]
transform = Transform( 0.999912, 0.0121085, -0.00537481, -0.0120301, 0.999824, 0.0143882, 0.00554808, -0.0143222, 0.999882, 0.00504329, 0.00870632, 0.000540106 )

[node name="Rt_Arm_00_Pad" parent="DiceAnim/RootNode/DiceGuy1/DiceGuy_Joint" index="4"]
transform = Transform( 0.999912, 0.0121085, -0.00537481, -0.0120301, 0.999824, 0.0143882, 0.00554808, -0.0143222, 0.999882, -0.00495583, 0.00882662, 0.000484624 )

[node name="Ct_Bag_00_Pad" parent="DiceAnim/RootNode/DiceGuy1/DiceGuy_Joint" index="6"]
transform = Transform( 0.999912, 0.0121085, -0.00537481, -0.0120301, 0.999824, 0.0143882, 0.00554808, -0.0143222, 0.999882, 7.3801e-06, 0.00332943, -0.00472602 )

[node name="Ct_BagFlap_00_Pad" parent="DiceAnim/RootNode/DiceGuy1/DiceGuy_Joint" index="7"]
transform = Transform( 0.999912, 0.0121085, -0.00537481, -0.0120301, 0.999824, 0.0143882, 0.00554808, -0.0143222, 0.999882, 0.000103873, 0.00249724, -8.93178e-05 )

[node name="Ct_BagRoll_00_Pad" parent="DiceAnim/RootNode/DiceGuy1/DiceGuy_Joint" index="8"]
transform = Transform( 0.999912, 0.0121085, -0.00537481, -0.0120301, 0.999824, 0.0143882, 0.00554808, -0.0143222, 0.999882, 0.000106753, 0.010838, -0.00635445 )

[node name="AnimationPlayer" parent="DiceAnim/RootNode" index="1"]
root_node = NodePath("../../..")

[editable path="DiceAnim"]
