[gd_scene load_steps=2 format=2]

[ext_resource path="res://Art/3DModels/Player/DiceAnim.fbx" type="PackedScene" id=1]

[node name="DiceAnim" instance=ExtResource( 1 )]

[node name="RootNode" parent="." index="0"]
transform = Transform( 10, 0, 0, 0, 10, 0, 0, 0, 10, 0, 0, 0 )

[node name="Lt_Arm_00_Pad" parent="RootNode/DiceGuy1/DiceGuy_Joint" index="2"]
transform = Transform( 0.999968, -0.00314282, -0.00734806, 0.00317429, 0.999986, 0.00427529, 0.00733451, -0.00429848, 0.999964, 0.00498352, 0.0084883, 0.000587814 )

[node name="Rt_Arm_00_Pad" parent="RootNode/DiceGuy1/DiceGuy_Joint" index="4"]
transform = Transform( 0.999968, -0.00314282, -0.00734806, 0.00317429, 0.999986, 0.00427529, 0.00733451, -0.00429848, 0.999964, -0.00501615, 0.00845656, 0.00051446 )

[node name="Ct_Bag_00_Pad" parent="RootNode/DiceGuy1/DiceGuy_Joint" index="6"]
transform = Transform( 0.999968, -0.00314282, -0.00734806, 0.00317429, 0.999986, 0.00427529, 0.00733451, -0.00429848, 0.999964, 3.95931e-05, 0.00308829, -0.00474143 )

[node name="Ct_BagFlap_00_Pad" parent="RootNode/DiceGuy1/DiceGuy_Joint" index="7"]
transform = Transform( 0.999968, -0.00314282, -0.00734806, 0.00317429, 0.999986, 0.00427529, 0.00733451, -0.00429848, 0.999964, 1.83246e-05, 0.00226172, -2.68012e-05 )

[node name="Ct_BagRoll_00_Pad" parent="RootNode/DiceGuy1/DiceGuy_Joint" index="8"]
transform = Transform( 0.999968, -0.00314282, -0.00734806, 0.00317429, 0.999986, 0.00427529, 0.00733451, -0.00429848, 0.999964, 2.70948e-05, 0.0106135, -0.00629448 )
