[gd_scene load_steps=2 format=2]

[ext_resource path="res://Art/3DModels/Player/Idle.dae" type="PackedScene" id=1]

[node name="Idle" instance=ExtResource( 1 )]

[node name="DiceGuy1" parent="." index="0"]
transform = Transform( 10, 0, 0, 0, 10, 0, 0, 0, 10, 0, 0, 0 )

[node name="Lt_Arm_00_Pad" parent="DiceGuy1/DiceGuy_Joint" index="2"]
transform = Transform( 0.999999, 0.000512735, -0.00132122, -0.000508682, 0.999995, 0.0030662, 0.00132279, -0.00306552, 0.999995, 0.00500121, 0.00840236, 0.000562553 )

[node name="Rt_Arm_00_Pad" parent="DiceGuy1/DiceGuy_Joint" index="4"]
transform = Transform( 0.999999, 0.000512735, -0.00132122, -0.000508682, 0.999995, 0.0030662, 0.00132279, -0.00306552, 0.999995, -0.00499873, 0.00840743, 0.000549292 )

[node name="Ct_Bag_00_Pad" parent="DiceGuy1/DiceGuy_Joint" index="6"]
transform = Transform( 0.999999, 0.000512735, -0.00132122, -0.000508682, 0.999995, 0.0030662, 0.00132279, -0.00306552, 0.999995, 5.47625e-06, 0.00302716, -0.0047434 )

[node name="Ct_BagFlap_00_Pad" parent="DiceGuy1/DiceGuy_Joint" index="7"]
transform = Transform( 0.999999, 0.000512735, -0.00132122, -0.000508682, 0.999995, 0.0030662, 0.00132279, -0.00306552, 0.999995, -1.19083e-06, 0.00221713, 7.12049e-06 )

[node name="Ct_BagRoll_00_Pad" parent="DiceGuy1/DiceGuy_Joint" index="8"]
transform = Transform( 0.999999, 0.000512735, -0.00132122, -0.000508682, 0.999995, 0.0030662, 0.00132279, -0.00306552, 0.999995, 1.13601e-05, 0.0105542, -0.0062872 )

[node name="Ct_Back_Control" parent="DiceGuy1/DiceGuy_Control/Ct_Main_Control" index="2"]
transform = Transform( 0.999999, 0.000512735, -0.00132122, -0.000508682, 0.999995, 0.0030662, 0.00132279, -0.00306552, 0.999995, -1.19083e-06, 9.04241e-06, 7.12049e-06 )

[node name="Rt_Arm_Control" parent="DiceGuy1/DiceGuy_Control/Ct_Main_Control/Ct_Back_Control" index="0"]
transform = Transform( 0.991781, 0.127895, -0.003724, -0.127949, 0.991361, -0.0288448, 2.71213e-06, 0.0290842, 0.999577, -0.000830568, -0.00034977, -0.000181118 )

[node name="Lt_Arm_Control" parent="DiceGuy1/DiceGuy_Control/Ct_Main_Control/Ct_Back_Control" index="1"]
transform = Transform( 0.991772, -0.127959, 0.00372588, 0.128014, 0.991353, -0.0288446, -2.72167e-06, 0.0290842, 0.999577, 0.000830235, -0.000350032, -0.000181118 )

[node name="Ct_BagFlap_Control" parent="DiceGuy1/DiceGuy_Control/Ct_Main_Control/Ct_Back_Control/Ct_Bag_Control" index="0"]
transform = Transform( 1, 0, 0, 0, 0.999132, -0.0416612, 0, 0.0416612, 0.999132, 0, -0.000324513, -0.000365294 )

[node name="Ct_BagRoll_Control" parent="DiceGuy1/DiceGuy_Control/Ct_Main_Control/Ct_Back_Control/Ct_Bag_Control" index="1"]
transform = Transform( 1, 0, 0, 0, 0.999577, -0.0290842, 0, 0.0290842, 0.999577, 0, 2.82214e-05, -0.000309472 )

[node name="AnimationPlayer" parent="." index="1"]
autoplay = "default"
