[gd_scene load_steps=2 format=2]

[ext_resource path="res://Art/3DModels/Player/Idle.dae" type="PackedScene" id=1]

[node name="Idle" instance=ExtResource( 1 )]

[node name="DiceGuy1" parent="." index="0"]
transform = Transform( 10, 0, 0, 0, 10, 0, 0, 0, 10, 0, 0, 0 )

[node name="Lt_Arm_00_Pad" parent="DiceGuy1/DiceGuy_Joint" index="2"]
transform = Transform( 0.999917, -0.00991811, -0.00826822, 0.00991571, 0.999951, -0.000331296, 0.0082711, 0.000249283, 0.999966, 0.00495655, 0.00855881, 0.000610077 )

[node name="Rt_Arm_00_Pad" parent="DiceGuy1/DiceGuy_Joint" index="4"]
transform = Transform( 0.999917, -0.00991811, -0.00826822, 0.00991571, 0.999951, -0.000331296, 0.0082711, 0.000249283, 0.999966, -0.00504257, 0.00845965, 0.000527332 )

[node name="Ct_Bag_00_Pad" parent="DiceGuy1/DiceGuy_Joint" index="6"]
transform = Transform( 0.999917, -0.00991811, -0.00826822, 0.00991571, 0.999951, -0.000331296, 0.0082711, 0.000249283, 0.999966, 5.40997e-05, 0.00314979, -0.00474824 )

[node name="Ct_BagFlap_00_Pad" parent="DiceGuy1/DiceGuy_Joint" index="7"]
transform = Transform( 0.999917, -0.00991811, -0.00826822, 0.00991571, 0.999951, -0.000331296, 0.0082711, 0.000249283, 0.999966, 2.30333e-05, 0.00232366, -5.7502e-07 )

[node name="Ct_BagRoll_00_Pad" parent="DiceGuy1/DiceGuy_Joint" index="8"]
transform = Transform( 0.999917, -0.00991811, -0.00826822, 0.00991571, 0.999951, -0.000331296, 0.0082711, 0.000249283, 0.999966, -8.03214e-06, 0.0106817, -0.00626704 )

[node name="Ct_Back_Control" parent="DiceGuy1/DiceGuy_Control/Ct_Main_Control" index="2"]
transform = Transform( 0.999917, -0.00991811, -0.00826822, 0.00991571, 0.999951, -0.000331296, 0.0082711, 0.000249283, 0.999966, 2.30333e-05, 0.000115564, -5.7502e-07 )

[node name="Rt_Arm_Control" parent="DiceGuy1/DiceGuy_Control/Ct_Main_Control/Ct_Back_Control" index="0"]
transform = Transform( 0.99972, 0.0236683, 6.77209e-05, -0.0236683, 0.999699, 0.00636263, 8.28923e-05, -0.00636245, 0.99998, -0.000154263, -0.000194065, 4.49453e-05 )

[node name="Lt_Arm_Control" parent="DiceGuy1/DiceGuy_Control/Ct_Main_Control/Ct_Back_Control" index="1"]
transform = Transform( 0.999727, -0.0233547, -6.5427e-05, 0.0233546, 0.999707, 0.00636266, -8.31901e-05, -0.00636246, 0.99998, 0.000139661, -0.000192534, 4.70982e-05 )

[node name="Ct_BagFlap_Control" parent="DiceGuy1/DiceGuy_Control/Ct_Main_Control/Ct_Back_Control/Ct_Bag_Control" index="0"]
transform = Transform( 1, 0, 0, 0, 0.999944, 0.010573, 0, -0.010573, 0.999944, 0, 8.62438e-05, 8.90889e-05 )

[node name="Ct_BagRoll_Control" parent="DiceGuy1/DiceGuy_Control/Ct_Main_Control/Ct_Back_Control/Ct_Bag_Control" index="1"]
transform = Transform( 1, 0, 0, 0, 0.999977, 0.00669728, 0, -0.00669728, 0.999977, 0, 7.18806e-05, 6.99908e-05 )

[node name="AnimationPlayer" parent="." index="1"]
autoplay = "default"
