[gd_scene load_steps=2 format=2]

[ext_resource path="res://Art/3DModels/Player/Walk.dae" type="PackedScene" id=1]

[node name="Walk" instance=ExtResource( 1 )]

[node name="DiceGuy1" parent="." index="0"]
transform = Transform( 10, 0, 0, 0, 10, 0, 0, 0, 10, 0, 0, 0 )

[node name="Lt_Arm_00_Pad" parent="DiceGuy1/DiceGuy_Joint" index="2"]
transform = Transform( 0.999154, 0.017968, -0.0369973, -0.0169239, 0.999455, 0.0283448, 0.0374864, -0.0276947, 0.998913, 0.00492806, 0.00828373, 0.000662374 )

[node name="Rt_Arm_00_Pad" parent="DiceGuy1/DiceGuy_Joint" index="4"]
transform = Transform( 0.999154, 0.017968, -0.0369973, -0.0169239, 0.999455, 0.0283448, 0.0374864, -0.0276947, 0.998913, -0.00506326, 0.00845233, 0.000287229 )

[node name="Ct_Bag_00_Pad" parent="DiceGuy1/DiceGuy_Joint" index="6"]
transform = Transform( 0.999154, 0.017968, -0.0369973, -0.0169239, 0.999455, 0.0283448, 0.0374864, -0.0276947, 0.998913, 3.22173e-05, 0.00285999, -0.00468556 )

[node name="Ct_BagFlap_00_Pad" parent="DiceGuy1/DiceGuy_Joint" index="7"]
transform = Transform( 0.999154, 0.017968, -0.0369973, -0.0169239, 0.999455, 0.0283448, 0.0374864, -0.0276947, 0.998913, -0.000158128, 0.00217061, 7.90105e-05 )

[node name="Ct_BagRoll_00_Pad" parent="DiceGuy1/DiceGuy_Joint" index="8"]
transform = Transform( 0.999154, 0.017968, -0.0369973, -0.0169239, 0.999455, 0.0283448, 0.0374864, -0.0276947, 0.998913, 0.00022419, 0.0103429, -0.00641274 )

[node name="Rt_Leg_Control" parent="DiceGuy1/DiceGuy_Control/Ct_Main_Control" index="0"]
transform = Transform( 1, -9.6e-05, 9.6e-05, 9.6e-05, 1, 9.216e-09, -9.6e-05, 0, 1, 1.2e-07, 2.4e-07, 0.000439199 )

[node name="Lt_Leg_Control" parent="DiceGuy1/DiceGuy_Control/Ct_Main_Control" index="1"]
transform = Transform( 0.998528, -0.0254179, 0.0479121, 0.0284149, 0.997612, -0.0629447, -0.0461978, 0.0642134, 0.996867, 3.50051e-05, 0.00044038, 0.000210457 )

[node name="Ct_Back_Control" parent="DiceGuy1/DiceGuy_Control/Ct_Main_Control" index="2"]
transform = Transform( 0.999154, 0.017968, -0.0369973, -0.0169239, 0.999455, 0.0283448, 0.0374864, -0.0276947, 0.998913, -0.000158128, -3.7493e-05, 7.90105e-05 )

[node name="Rt_Arm_Control" parent="DiceGuy1/DiceGuy_Control/Ct_Main_Control/Ct_Back_Control" index="0"]
transform = Transform( 0.99949, 0.0306172, -0.00906785, -0.0296703, 0.995438, 0.0906844, 0.011803, -0.0903691, 0.995839, -0.000187139, 0.00012066, 0.000620973 )

[node name="Lt_Arm_Control" parent="DiceGuy1/DiceGuy_Control/Ct_Main_Control/Ct_Back_Control" index="1"]
transform = Transform( 0.99897, -0.040646, 0.0201276, 0.0419859, 0.996567, -0.0713572, -0.0171581, 0.0721288, 0.997248, 0.000246942, 0.00014393, -0.000357447 )

[node name="Ct_BagFlap_Control" parent="DiceGuy1/DiceGuy_Control/Ct_Main_Control/Ct_Back_Control/Ct_Bag_Control" index="0"]
transform = Transform( 1, 0, 0, 0, 0.996176, -0.0873726, 0, 0.0873726, 0.996176, 0, -0.000656718, -0.000787013 )

[node name="Ct_BagRoll_Control" parent="DiceGuy1/DiceGuy_Control/Ct_Main_Control/Ct_Back_Control/Ct_Bag_Control" index="1"]
transform = Transform( 1, 0, 0, 0, 1, 0, 0, 0, 1, 0, 0.000165791, 0 )

[node name="AnimationPlayer" parent="." index="1"]
autoplay = "default"
