[gd_scene load_steps=2 format=2]

[ext_resource path="res://Art/3DModels/Player/Walk.dae" type="PackedScene" id=1]

[node name="Walk" instance=ExtResource( 1 )]

[node name="DiceGuy1" parent="." index="0"]
transform = Transform( 10, 0, 0, 0, 10, 0, 0, 0, 10, 0, 0, 0 )

[node name="Lt_Arm_00_Pad" parent="DiceGuy1/DiceGuy_Joint" index="2"]
transform = Transform( 0.99925, -0.0158482, 0.0353048, 0.0156795, 0.999865, 0.00505168, -0.0353801, -0.00449434, 0.999364, 0.00506303, 0.00854807, 0.000483508 )

[node name="Rt_Arm_00_Pad" parent="DiceGuy1/DiceGuy_Joint" index="4"]
transform = Transform( 0.99925, -0.0158482, 0.0353048, 0.0156795, 0.999865, 0.00505168, -0.0353801, -0.00449434, 0.999364, -0.00492942, 0.0083914, 0.000837357 )

[node name="Ct_Bag_00_Pad" parent="DiceGuy1/DiceGuy_Joint" index="6"]
transform = Transform( 0.99925, -0.0158482, 0.0353048, 0.0156795, 0.999865, 0.00505168, -0.0353801, -0.00449434, 0.999364, -3.58102e-05, 0.00308224, -0.00462776 )

[node name="Ct_BagFlap_00_Pad" parent="DiceGuy1/DiceGuy_Joint" index="7"]
transform = Transform( 0.99925, -0.0158482, 0.0353048, 0.0156795, 0.999865, 0.00505168, -0.0353801, -0.00449434, 0.999364, 0.000144863, 0.00228176, 0.000120834 )

[node name="Ct_BagRoll_00_Pad" parent="DiceGuy1/DiceGuy_Joint" index="8"]
transform = Transform( 0.99925, -0.0158482, 0.0353048, 0.0156795, 0.999865, 0.00505168, -0.0353801, -0.00449434, 0.999364, -0.000208934, 0.0106052, -0.0061813 )

[node name="Rt_Leg_Control" parent="DiceGuy1/DiceGuy_Control/Ct_Main_Control" index="0"]
transform = Transform( 0.998907, 0.0271068, -0.0380739, -0.0309596, 0.994038, -0.104547, 0.0350129, 0.105612, 0.99379, -3.56699e-05, 0.000733101, 0.000686853 )

[node name="Lt_Leg_Control" parent="DiceGuy1/DiceGuy_Control/Ct_Main_Control" index="1"]
transform = Transform( 1, -0.000301268, 0.000364903, 0.000300911, 1, 0.000976675, -0.000365197, -0.000976566, 1, 3.76621e-07, 4.69721e-06, 4.03568e-05 )

[node name="Ct_Back_Control" parent="DiceGuy1/DiceGuy_Control/Ct_Main_Control" index="2"]
transform = Transform( 0.99925, -0.0158482, 0.0353048, 0.0156795, 0.999865, 0.00505168, -0.0353801, -0.00449434, 0.999364, 0.000144863, 7.36636e-05, 0.000120834 )

[node name="Rt_Arm_Control" parent="DiceGuy1/DiceGuy_Control/Ct_Main_Control/Ct_Back_Control" index="0"]
transform = Transform( 0.999774, 0.0204673, -0.00591546, -0.01974, 0.994362, 0.104188, 0.00801456, -0.104048, 0.99454, -0.000124271, 0.000202919, 0.000686559 )

[node name="Lt_Arm_Control" parent="DiceGuy1/DiceGuy_Control/Ct_Main_Control/Ct_Back_Control" index="1"]
transform = Transform( 0.99832, -0.0515389, 0.0264831, 0.053557, 0.995176, -0.0821939, -0.0221192, 0.0834741, 0.996264, 0.000313394, 0.000135567, -0.000403133 )

[node name="Ct_BagFlap_Control" parent="DiceGuy1/DiceGuy_Control/Ct_Main_Control/Ct_Back_Control/Ct_Bag_Control" index="0"]
transform = Transform( 1, 0, 0, 0, 0.997662, -0.0683321, 0, 0.0683321, 0.997662, 0, -0.00052384, -0.000606905 )

[node name="Ct_BagRoll_Control" parent="DiceGuy1/DiceGuy_Control/Ct_Main_Control/Ct_Back_Control/Ct_Bag_Control" index="1"]
transform = Transform( 1, 0, 0, 0, 1, 0, 0, 0, 1, 0, 0.000110433, 0 )

[node name="AnimationPlayer" parent="." index="1"]
autoplay = "default"
