[gd_scene load_steps=2 format=2]

[ext_resource path="res://Art/3DModels/Player/Idle.dae" type="PackedScene" id=1]

[node name="Idle" instance=ExtResource( 1 )]

[node name="DiceGuy1" parent="." index="0"]
transform = Transform( 10, 0, 0, 0, 10, 0, 0, 0, 10, 0, 0, 0 )

[node name="Lt_Arm_00_Pad" parent="DiceGuy1/DiceGuy_Joint" index="2"]
transform = Transform( 0.999949, -0.00584222, -0.00818768, 0.00586235, 0.999979, 0.00243705, 0.00817328, -0.00248493, 0.999964, 0.00497251, 0.00849402, 0.00059902 )

[node name="Rt_Arm_00_Pad" parent="DiceGuy1/DiceGuy_Joint" index="4"]
transform = Transform( 0.999949, -0.00584222, -0.00818768, 0.00586235, 0.999979, 0.00243705, 0.00817328, -0.00248493, 0.999964, -0.00502695, 0.0084354, 0.000517266 )

[node name="Ct_Bag_00_Pad" parent="DiceGuy1/DiceGuy_Joint" index="6"]
transform = Transform( 0.999949, -0.00584222, -0.00818768, 0.00586235, 0.999979, 0.00243705, 0.00817328, -0.00248493, 0.999964, 4.76215e-05, 0.00309039, -0.00474414 )

[node name="Ct_BagFlap_00_Pad" parent="DiceGuy1/DiceGuy_Joint" index="7"]
transform = Transform( 0.999949, -0.00584222, -0.00818768, 0.00586235, 0.999979, 0.00243705, 0.00817328, -0.00248493, 0.999964, 1.35661e-05, 0.00227737, 5.77591e-06 )

[node name="Ct_BagRoll_00_Pad" parent="DiceGuy1/DiceGuy_Joint" index="8"]
transform = Transform( 0.999949, -0.00584222, -0.00818768, 0.00586235, 0.999979, 0.00243705, 0.00817328, -0.00248493, 0.999964, 1.6063e-05, 0.0106183, -0.00628353 )

[node name="Ct_Back_Control" parent="DiceGuy1/DiceGuy_Control/Ct_Main_Control" index="2"]
transform = Transform( 0.999949, -0.00584222, -0.00818768, 0.00586235, 0.999979, 0.00243705, 0.00817328, -0.00248493, 0.999964, 1.35661e-05, 6.92731e-05, 5.77591e-06 )

[node name="Rt_Arm_Control" parent="DiceGuy1/DiceGuy_Control/Ct_Main_Control/Ct_Back_Control" index="0"]
transform = Transform( 0.998719, 0.0505975, -0.000184273, -0.0505978, 0.998715, -0.00288577, 3.80233e-05, 0.0028914, 0.999996, -0.000325541, -0.000270052, -1.18368e-05 )

[node name="Lt_Arm_Control" parent="DiceGuy1/DiceGuy_Control/Ct_Main_Control/Ct_Back_Control" index="1"]
transform = Transform( 0.99873, -0.0503812, 0.000183786, 0.0503815, 0.998726, -0.0028858, -3.81616e-05, 0.0028914, 0.999996, 0.000310903, -0.000269035, -9.99379e-06 )

[node name="Ct_BagFlap_Control" parent="DiceGuy1/DiceGuy_Control/Ct_Main_Control/Ct_Back_Control/Ct_Bag_Control" index="0"]
transform = Transform( 1, 0, 0, 0, 0.999996, -0.00265534, 0, 0.00265534, 0.999996, 0, -1.92428e-05, -2.46168e-05 )

[node name="Ct_BagRoll_Control" parent="DiceGuy1/DiceGuy_Control/Ct_Main_Control/Ct_Back_Control/Ct_Bag_Control" index="1"]
transform = Transform( 1, 0, 0, 0, 0.999997, -0.0023633, 0, 0.0023633, 0.999997, 0, 6.10662e-05, -2.55943e-05 )

[node name="AnimationPlayer" parent="." index="1"]
autoplay = "default"
