[gd_scene load_steps=2 format=2]

[ext_resource path="res://Art/3DModels/Player/Idle.dae" type="PackedScene" id=1]

[node name="Idle" instance=ExtResource( 1 )]

[node name="DiceGuy1" parent="." index="0"]
transform = Transform( 10, 0, 0, 0, 10, 0, 0, 0, 10, 0, 0, 0 )

[node name="Lt_Arm_00_Pad" parent="DiceGuy1/DiceGuy_Joint" index="2"]
transform = Transform( 0.999942, -0.0102743, 0.00312273, 0.0102973, 0.999919, -0.00746044, -0.00304583, 0.00749217, 0.999967, 0.00496178, 0.00847036, 0.000581476 )

[node name="Rt_Arm_00_Pad" parent="DiceGuy1/DiceGuy_Joint" index="4"]
transform = Transform( 0.999942, -0.0102743, 0.00312273, 0.0102973, 0.999919, -0.00746044, -0.00304583, 0.00749217, 0.999967, -0.00503762, 0.00836739, 0.000611916 )

[node name="Ct_Bag_00_Pad" parent="DiceGuy1/DiceGuy_Joint" index="6"]
transform = Transform( 0.999942, -0.0102743, 0.00312273, 0.0102973, 0.999919, -0.00746044, -0.00304583, 0.00749217, 0.999967, 5.57611e-07, 0.00309748, -0.00475911 )

[node name="Ct_BagFlap_00_Pad" parent="DiceGuy1/DiceGuy_Joint" index="7"]
transform = Transform( 0.999942, -0.0102743, 0.00312273, 0.0102973, 0.999919, -0.00746044, -0.00304583, 0.00749217, 0.999967, 2.38649e-05, 0.00223753, -1.74044e-05 )

[node name="Ct_BagRoll_00_Pad" parent="DiceGuy1/DiceGuy_Joint" index="8"]
transform = Transform( 0.999942, -0.0102743, 0.00312273, 0.0102973, 0.999919, -0.00746044, -0.00304583, 0.00749217, 0.999967, -8.15695e-05, 0.01064, -0.00622335 )

[node name="Ct_Back_Control" parent="DiceGuy1/DiceGuy_Control/Ct_Main_Control" index="2"]
transform = Transform( 0.999942, -0.0102743, 0.00312273, 0.0102973, 0.999919, -0.00746044, -0.00304583, 0.00749217, 0.999967, 2.38649e-05, 2.94273e-05, -1.74044e-05 )

[node name="Rt_Arm_Control" parent="DiceGuy1/DiceGuy_Control/Ct_Main_Control/Ct_Back_Control" index="0"]
transform = Transform( 0.996135, 0.0878291, -0.0014103, -0.0878404, 0.996013, -0.0155354, 4.02192e-05, 0.0155992, 0.999879, -0.000563281, -0.000340105, -9.72755e-05 )

[node name="Lt_Arm_Control" parent="DiceGuy1/DiceGuy_Control/Ct_Main_Control/Ct_Back_Control" index="1"]
transform = Transform( 0.996141, -0.0877482, 0.00140918, 0.0877594, 0.996021, -0.0155355, -4.03637e-05, 0.0155992, 0.999879, 0.000560887, -0.000339739, -9.72755e-05 )

[node name="Ct_BagFlap_Control" parent="DiceGuy1/DiceGuy_Control/Ct_Main_Control/Ct_Back_Control/Ct_Bag_Control" index="0"]
transform = Transform( 1, 0, 0, 0, 0.999762, -0.0218016, 0, 0.0218016, 0.999762, 0, -0.000171083, -0.000189979 )

[node name="Ct_BagRoll_Control" parent="DiceGuy1/DiceGuy_Control/Ct_Main_Control/Ct_Back_Control/Ct_Bag_Control" index="1"]
transform = Transform( 1, 0, 0, 0, 0.99988, -0.0154775, 0, 0.0154775, 0.99988, 0, 4.77712e-05, -0.000164233 )

[node name="AnimationPlayer" parent="." index="1"]
autoplay = "default"
