[gd_scene load_steps=2 format=2]

[ext_resource path="res://Art/3DModels/Player/Idle.dae" type="PackedScene" id=1]

[node name="Idle" instance=ExtResource( 1 )]

[node name="DiceGuy1" parent="." index="0"]
transform = Transform( 10, 0, 0, 0, 10, 0, 0, 0, 10, 0, 0, 0 )

[node name="Lt_Arm_00_Pad" parent="DiceGuy1/DiceGuy_Joint" index="2"]
transform = Transform( 0.99987, -0.0139593, -0.0079875, 0.0139352, 0.999898, -0.00307229, 0.00802957, 0.00296059, 0.999963, 0.00494085, 0.00890074, 0.00061935 )

[node name="Rt_Arm_00_Pad" parent="DiceGuy1/DiceGuy_Joint" index="4"]
transform = Transform( 0.99987, -0.0139593, -0.0079875, 0.0139352, 0.999898, -0.00307229, 0.00802957, 0.00296059, 0.999963, -0.00505779, 0.00876139, 0.000539008 )

[node name="Ct_Bag_00_Pad" parent="DiceGuy1/DiceGuy_Joint" index="6"]
transform = Transform( 0.99987, -0.0139593, -0.0079875, 0.0139352, 0.999898, -0.00307229, 0.00802957, 0.00296059, 0.999963, 5.88119e-05, 0.0034865, -0.00475229 )

[node name="Ct_BagFlap_00_Pad" parent="DiceGuy1/DiceGuy_Joint" index="7"]
transform = Transform( 0.99987, -0.0139593, -0.0079875, 0.0139352, 0.999898, -0.00307229, 0.00802957, 0.00296059, 0.999963, 3.2425e-05, 0.0026474, -6.87675e-06 )

[node name="Ct_BagRoll_00_Pad" parent="DiceGuy1/DiceGuy_Joint" index="8"]
transform = Transform( 0.99987, -0.0139593, -0.0079875, 0.0139352, 0.999898, -0.00307229, 0.00802957, 0.00296059, 0.999963, -3.41912e-05, 0.0110222, -0.00625066 )

[node name="Ct_Back_Control" parent="DiceGuy1/DiceGuy_Control/Ct_Main_Control" index="2"]
transform = Transform( 0.99987, -0.0139593, -0.0079875, 0.0139352, 0.999898, -0.00307229, 0.00802957, 0.00296059, 0.999963, 3.2425e-05, 0.000439297, -6.87675e-06 )

[node name="Rt_Arm_Control" parent="DiceGuy1/DiceGuy_Control/Ct_Main_Control/Ct_Back_Control" index="0"]
transform = Transform( 0.997056, 0.0766695, -0.000981503, -0.0766758, 0.996987, -0.0117453, 7.804e-05, 0.011786, 0.999931, -0.000489497, -0.000319299, -7.36291e-05 )

[node name="Lt_Arm_Control" parent="DiceGuy1/DiceGuy_Control/Ct_Main_Control/Ct_Back_Control" index="1"]
transform = Transform( 0.997065, -0.0765482, 0.000980353, 0.0765544, 0.996996, -0.0117454, -7.83203e-05, 0.011786, 0.999931, 0.000488583, -0.000318738, -7.36291e-05 )

[node name="Ct_BagFlap_Control" parent="DiceGuy1/DiceGuy_Control/Ct_Main_Control/Ct_Back_Control/Ct_Bag_Control" index="0"]
transform = Transform( 1, 0, 0, 0, 0.999893, -0.0146291, 0, 0.0146291, 0.999893, 0, -0.000112686, -0.000129398 )

[node name="Ct_BagRoll_Control" parent="DiceGuy1/DiceGuy_Control/Ct_Main_Control/Ct_Back_Control/Ct_Bag_Control" index="1"]
transform = Transform( 1, 0, 0, 0, 0.999944, -0.0105644, 0, 0.0105644, 0.999944, 0, 5.16407e-05, -0.000112798 )

[node name="AnimationPlayer" parent="." index="1"]
autoplay = "default"
