[gd_scene load_steps=2 format=2]

[ext_resource path="res://Art/3DModels/Player/Walk.dae" type="PackedScene" id=1]

[node name="Walk" instance=ExtResource( 1 )]

[node name="DiceGuy1" parent="." index="0"]
transform = Transform( 10, 0, 0, 0, 10, 0, 0, 0, 10, 0, 0, 0 )

[node name="Lt_Arm_00_Pad" parent="DiceGuy1/DiceGuy_Joint" index="2"]
transform = Transform( 0.999419, -0.013817, 0.0311284, 0.0138479, 0.999904, -0.000776349, -0.0311147, 0.00120696, 0.999515, 0.00505574, 0.00856295, 0.000550443 )

[node name="Rt_Arm_00_Pad" parent="DiceGuy1/DiceGuy_Joint" index="4"]
transform = Transform( 0.999419, -0.013817, 0.0311284, 0.0138479, 0.999904, -0.000776349, -0.0311147, 0.00120696, 0.999515, -0.00493777, 0.0084252, 0.000861885 )

[node name="Ct_Bag_00_Pad" parent="DiceGuy1/DiceGuy_Joint" index="6"]
transform = Transform( 0.999419, -0.013817, 0.0311284, 0.0138479, 0.999904, -0.000776349, -0.0311147, 0.00120696, 0.999515, -3.18537e-05, 0.00313761, -0.0046129 )

[node name="Ct_BagFlap_00_Pad" parent="DiceGuy1/DiceGuy_Joint" index="7"]
transform = Transform( 0.999419, -0.013817, 0.0311284, 0.0138479, 0.999904, -0.000776349, -0.0311147, 0.00120696, 0.999515, 0.000127235, 0.00230961, 0.00013114 )

[node name="Ct_BagRoll_00_Pad" parent="DiceGuy1/DiceGuy_Joint" index="8"]
transform = Transform( 0.999419, -0.013817, 0.0311284, 0.0138479, 0.999904, -0.000776349, -0.0311147, 0.00120696, 0.999515, -0.000183733, 0.0106691, -0.0061234 )

[node name="Rt_Leg_Control" parent="DiceGuy1/DiceGuy_Control/Ct_Main_Control" index="0"]
transform = Transform( 0.998884, 0.0275319, -0.0383886, -0.0313073, 0.994344, -0.101494, 0.0353771, 0.102583, 0.994095, -3.62353e-05, 0.000741748, 0.000723321 )

[node name="Lt_Leg_Control" parent="DiceGuy1/DiceGuy_Control/Ct_Main_Control" index="1"]
transform = Transform( 1, -0.000125891, 0.000125726, 0.000125808, 1, 0.000657742, -0.000125809, -0.000657726, 1, 1.55698e-07, -2.96755e-07, -2.62537e-05 )

[node name="Ct_Back_Control" parent="DiceGuy1/DiceGuy_Control/Ct_Main_Control" index="2"]
transform = Transform( 0.999419, -0.013817, 0.0311284, 0.0138479, 0.999904, -0.000776349, -0.0311147, 0.00120696, 0.999515, 0.000127235, 0.000101508, 0.00013114 )

[node name="Rt_Arm_Control" parent="DiceGuy1/DiceGuy_Control/Ct_Main_Control/Ct_Back_Control" index="0"]
transform = Transform( 0.999707, 0.0233436, -0.00655408, -0.0224949, 0.993836, 0.108556, 0.00904778, -0.108377, 0.994069, -0.000142483, 0.000201191, 0.000718958 )

[node name="Lt_Arm_Control" parent="DiceGuy1/DiceGuy_Control/Ct_Main_Control/Ct_Back_Control" index="1"]
transform = Transform( 0.998691, -0.0453488, 0.0236634, 0.0472279, 0.99517, -0.0860538, -0.0196467, 0.0870587, 0.996009, 0.000273943, 0.000179688, -0.000438125 )

[node name="Ct_BagFlap_Control" parent="DiceGuy1/DiceGuy_Control/Ct_Main_Control/Ct_Back_Control/Ct_Bag_Control" index="0"]
transform = Transform( 1, 0, 0, 0, 0.996947, -0.0780778, 0, 0.0780778, 0.996947, 0, -0.000593574, -0.000697736 )

[node name="Ct_BagRoll_Control" parent="DiceGuy1/DiceGuy_Control/Ct_Main_Control/Ct_Back_Control/Ct_Bag_Control" index="1"]
transform = Transform( 1, 0, 0, 0, 1, 0, 0, 0, 1, 0, 0.000127237, 0 )

[node name="AnimationPlayer" parent="." index="1"]
autoplay = "default"
